%YAML:1.0
---
calibration_time: "2021년 06월 15일 (화) 오후 08시 12분 31초"
image_width: 3840
image_height: 2160
flags: 0
camera_matrix: !!opencv-matrix
   rows: 3
   cols: 3
   dt: d
   data: [ 1.6974715698162554e+03, 0., 1.9015210414114740e+03, 0.,
       1.6906805489641047e+03, 1.1233904598742836e+03, 0., 0., 1. ]
distortion_coefficients: !!opencv-matrix
   rows: 1
   cols: 5
   dt: d
   data: [ 4.0560183574416590e-02, -3.3842269900470498e-02,
       1.8782027010126195e-03, 5.1825010477148927e-04,
       1.3677040013837691e-02 ]
avg_reprojection_error: 1.1348460409711965e+00
